-1.072910070419311523e+00 -3.599843382835388184e-01
-1.356317102909088135e-01 -1.891373276710510254e+00
4.948263466358184814e-01 -4.204858243465423584e-01
-9.874494075775146484e-01 8.127641081809997559e-01
-1.662142753601074219e+00 -4.258682429790496826e-01
2.139425039291381836e+00 4.861213266849517822e-02
1.555788874626159668e+00 -1.502628773450851440e-01
2.917935609817504883e+00 1.143728494644165039e+00
-2.881375074386596680e+00 9.956321716308593750e-01
-1.140000581741333008e+00 -2.006822347640991211e+00
3.202521085739135742e+00 1.735640645027160645e+00
1.776883959770202637e+00 -1.303723931312561035e+00
6.901140809059143066e-01 -1.255422472953796387e+00
-1.106118440628051758e+00 -1.339660644531250000e+00
2.149514198303222656e+00 -8.029915690422058105e-01
2.305978536605834961e+00 -1.498815655708312988e+00
2.552175045013427734e+00 6.046215891838073730e-01
7.786310315132141113e-01 -2.165998935699462891e+00
-2.303026199340820312e+00 3.813301324844360352e-01
1.029003620147705078e+00 8.771837353706359863e-01
